lobbySpawn: 0.5;100.0;0.5;135.0;0.0
openworldSpawn: 389.503589993006615;92.0;58.5102164788151075;136.49023;0